 [[  0.14546298  -0.98781592  -0.05531936    0.85483754]
  [-0.98913166  -0.14641225    0.01349094    0.04656782]
  [-0.021426        0.0527557    -0.99837757    0.35750167]
  [  0.                    0.                    0.                    1.                ]] 
 [[  0.14428387  -0.98804261  -0.05435045    0.9038839  ]
  [-0.98929918  -0.14523398    0.01393622    0.04906658]
  [-0.02166311    0.05175808  -0.99842466    0.36436674]
  [  0.                    0.                    0.                    1.                ]] 
 [[  0.14429331  -0.9880411    -0.05435287    0.94238446]
  [-0.98930036  -0.14523732    0.01381752    0.05134749]
  [-0.02154634    0.05177754  -0.99842618    0.36991924]
  [  0.                    0.                    0.                    1.                ]] 
 [[  0.14443627  -0.98800869  -0.05456173    0.94619308]
  [-0.98928076  -0.14537994    0.01372058    0.01069086]
  [-0.02148823    0.05199512  -0.99841613    0.36827784]
  [  0.                    0.                    0.                    1.                ]] 
 [[  0.14436038  -0.98804545  -0.05409498    0.9484154  ]
  [-0.98929177  -0.14529782    0.01379626  -0.02174029]
  [-0.02149122    0.05152409  -0.99844048    0.36741114]
  [  0.                    0.                    0.                    1.                ]] 
 [[  0.1445257    -0.98802234  -0.05407573    0.90264139]
  [-0.98926729  -0.14546346    0.01380652  -0.02695167]
  [-0.02150719    0.05149996  -0.99844138    0.36074552]
  [  0.                    0.                    0.                    1.                ]] 
 [[  0.36116103  -0.93154598  -0.04224676    0.88940469]
  [-0.93243601  -0.3602192    -0.02837621  -0.01034215]
  [  0.01121565    0.04964078  -0.99870416    0.35950353]
  [  0.                    0.                    0.                    1.                ]] 
 [[  0.36546633  -0.92989841  -0.04151276    0.87598925]
  [-0.93074422  -0.36448525  -0.02942284    0.03350531]
  [  0.01222946    0.04939082  -0.99870465    0.35985698]
  [  0.                    0.                    0.                    1.                ]] 
 [[  0.36573745  -0.92978733  -0.04161285    0.86086645]
  [-0.93063709  -0.36475018  -0.02952809    0.08369694]
  [  0.01227655    0.04952599  -0.99869738    0.35998056]
  [  0.                    0.                    0.                    1.                ]] 
 [[  0.14756933  -0.98757065  -0.05410637    0.90035868]
  [-0.98882843  -0.14847745    0.01314477    0.04947789]
  [-0.02101496    0.05156216  -0.99844865    0.36402715]
  [  0.                    0.                    0.                    1.                ]] 
 [[  0.14452666  -0.98802087  -0.05409994    0.85642587]
  [-0.98926776  -0.14546328    0.01377432    0.04628666]
  [-0.02147887    0.05152857  -0.99844052    0.35773384]
  [  0.                    0.                    0.                    1.                ]] 
 [[  0.14444592  -0.98803516  -0.05405462    0.90504514]
  [-0.98927861  -0.14538428    0.01382893    0.04917358]
  [-0.02152217    0.05147754  -0.99844222    0.36467977]
  [  0.                    0.                    0.                    1.                ]] 
 [[  0.14424397  -0.98805519  -0.05422739    0.94261474]
  [-0.98930872  -0.1451835      0.01378436    0.05135102]
  [-0.02149263    0.05165932  -0.99843346    0.37001539]
  [  0.                    0.                    0.                    1.                ]] 
 [[  0.14447922  -0.98800476  -0.0545193      0.94615408]
  [-0.98927518  -0.14542055    0.0136922      0.01089951]
  [-0.02145619    0.05195635  -0.99841883    0.36833109]
  [  0.                    0.                    0.                    1.                ]] 
 [[  0.14447638  -0.98802306  -0.05419413    0.94841102]
  [-0.98927513  -0.14541432    0.01376191  -0.02204284]
  [-0.02147768    0.05162463  -0.99843558    0.36730648]
  [  0.                    0.                    0.                    1.                ]] 
 [[  0.14428716  -0.98806346  -0.05396125    0.90291493]
  [-0.98930689  -0.14521217    0.01361267  -0.02716064]
  [-0.02128601    0.0514201    -0.99845024    0.36084309]
  [  0.                    0.                    0.                    1.                ]] 
 [[  0.36404727  -0.93043586  -0.04193673    0.88918364]
  [-0.93130513  -0.36307592  -0.02909702  -0.01010407]
  [  0.01184669    0.04964858  -0.99869649    0.35955616]
  [  0.                    0.                    0.                    1.                ]] 
 [[  0.36541886  -0.92990686  -0.04174066    0.87598729]
  [-0.93076304  -0.3644314    -0.02949428    0.03342255]
  [  0.01221532    0.04962843  -0.99869305    0.35972462]
  [  0.                    0.                    0.                    1.                ]] 
 [[  0.36546917  -0.92988677  -0.04174769    0.87595629]
  [-0.93074386  -0.36448373  -0.02945297    0.03352456]
  [  0.01217157    0.04962055  -0.99869397    0.35975941]
  [  0.                    0.                    0.                    1.                ]] 
 [[  0.36560226  -0.92981896  -0.04209137    0.86056944]
  [-0.93069332  -0.36461274  -0.02945337    0.08410336]
  [  0.01203925    0.04994238  -0.99867954    0.35981033]
  [  0.                    0.                    0.                    1.                ]] 
 [[  0.14750399  -0.98758639  -0.05399718    0.90542716]
  [-0.988836      -0.14841606    0.01326782    0.04979769]
  [-0.02111717    0.0514373    -0.99845294    0.36457149]
  [  0.                    0.                    0.                    1.                ]] 
