  translation: 
    x: 0.0401707640505
    y: 0.0633261932709
    z: 0.212622341668
  rotation: 
    x: -0.449151275174
    y: -0.46506020453
    z: -0.574170695307
    w: 0.502304838542

