 [[  0.14549874  -0.9878113    -0.05530783    0.85484587]
  [-0.98912644  -0.1464477      0.01348901    0.0466063  ]
  [-0.02142431    0.0527438    -0.99837823    0.35750119]
  [  0.                    0.                    0.                    1.                ]] 
 [[  0.14427843  -0.98804261  -0.05436478    0.90387928]
  [-0.98929883  -0.14523147    0.01398699    0.0490763  ]
  [-0.02171522    0.05176499  -0.99842317    0.36435757]
  [  0.                    0.                    0.                    1.                ]] 
 [[  0.14431134  -0.98804162  -0.05429536    0.94237      ]
  [-0.98929733  -0.14525548    0.01384335    0.05135751]
  [-0.0215645      0.0517165    -0.99842895    0.36998154]
  [  0.                    0.                    0.                    1.                ]] 
 [[  0.14444859  -0.9880055    -0.05458694    0.94617321]
  [-0.98927865  -0.14539333    0.01373048    0.0106762  ]
  [-0.02150237    0.05201835  -0.99841461    0.3682943  ]
  [  0.                    0.                    0.                    1.                ]] 
 [[  0.14430823  -0.98805204  -0.05411375    0.94840144]
  [-0.98929979  -0.14524502    0.01377728  -0.02173766]
  [-0.02147242    0.05154654  -0.99843973    0.3674193  ]
  [  0.                    0.                    0.                    1.                ]] 
 [[  0.14456711  -0.98801893  -0.05402731    0.9026377  ]
  [-0.98926271  -0.14550061    0.0137431    -0.02693744]
  [-0.02143945    0.0514604    -0.99844488    0.36077318]
  [  0.                    0.                    0.                    1.                ]] 
 [[  0.36111211  -0.93156321  -0.04228504    0.88937337]
  [-0.93245486  -0.36016875  -0.02839733  -0.01038431]
  [  0.01122416    0.04968351  -0.99870194    0.3595397  ]
  [  0.                    0.                    0.                    1.                ]] 
 [[  0.36547099  -0.92989211  -0.04161268    0.87597586]
  [-0.93074339  -0.3644908    -0.02938021    0.03353135]
  [  0.01215298    0.04946834  -0.99870175    0.35980516]
  [  0.                    0.                    0.                    1.                ]] 
 [[  0.36576055  -0.92977506  -0.0416839      0.86087414]
  [-0.93062848  -0.36477286  -0.02951935    0.08372573]
  [  0.01224121    0.04958924  -0.99869468    0.35993503]
  [  0.                    0.                    0.                    1.                ]] 
 [[  0.14810648  -0.98751003  -0.05374399    0.90533193]
  [-0.98874746  -0.1490106      0.01320256    0.05002292]
  [-0.02104609    0.05118385  -0.99846746    0.36473376]
  [  0.                    0.                    0.                    1.                ]] 
 [[  0.14450182  -0.98802711  -0.05405241    0.8564311  ]
  [-0.98927204  -0.14543625    0.01375232    0.0462349  ]
  [-0.02144885    0.0514853    -0.99844339    0.35775693]
  [  0.                    0.                    0.                    1.                ]] 
 [[  0.14448549  -0.98803183  -0.05400975    0.90504732]
  [-0.98927267  -0.14542356    0.01384116    0.04919069]
  [-0.0215298      0.05143052  -0.99844447    0.36472375]
  [  0.                    0.                    0.                    1.                ]] 
 [[  0.14433442  -0.98804328  -0.05420388    0.9426412  ]
  [-0.98929661  -0.14527088    0.01373266    0.05137859]
  [-0.0214427      0.05164162  -0.99843545    0.3700034  ]
  [  0.                    0.                    0.                    1.                ]] 
 [[  0.14447059  -0.98800134  -0.05460399    0.94613449]
  [-0.98927512  -0.14541631    0.01374172    0.01089897]
  [-0.02151715    0.0520331    -0.99841353    0.36831093]
  [  0.                    0.                    0.                    1.                ]] 
 [[  0.1444437    -0.98802591  -0.05422937    0.94839955]
  [-0.98927905  -0.14538422    0.01379789  -0.02204856]
  [-0.02151677    0.05165496  -0.99843317    0.36731579]
  [  0.                    0.                    0.                    1.                ]] 
 [[  0.14438763  -0.98804982  -0.05394229    0.90293113]
  [-0.98929172  -0.14531346    0.01363403  -0.02708965]
  [-0.02130964    0.05139607  -0.99845097    0.36084951]
  [  0.                    0.                    0.                    1.                ]] 
 [[  0.36406309  -0.93043028  -0.04192324    0.88919625]
  [-0.93129923  -0.3630933    -0.02906901  -0.01008955]
  [  0.01182464    0.04962604  -0.99869787    0.35956263]
  [  0.                    0.                    0.                    1.                ]] 
 [[  0.36544011  -0.92989606  -0.04179523    0.87596122]
  [-0.93075495  -0.36445189  -0.02949635    0.03344554]
  [  0.01219619    0.04968026  -0.99869071    0.35971346]
  [  0.                    0.                    0.                    1.                ]] 
 [[  0.36544804  -0.92989325  -0.0417884      0.87598662]
  [-0.93075242  -0.3644624    -0.02944647    0.03344295]
  [  0.01215177    0.04965581  -0.99869246    0.35970855]
  [  0.                    0.                    0.                    1.                ]] 
 [[  0.36560852  -0.92981642  -0.0420932      0.86057251]
  [-0.93069047  -0.36461734  -0.02948632    0.08410617]
  [  0.01206895    0.04995619  -0.99867849    0.35979438]
  [  0.                    0.                    0.                    1.                ]] 
 [[  0.14751895  -0.98758802  -0.05392651    0.90546394]
  [-0.98883397  -0.14842956    0.01326825    0.04979645]
  [-0.02110785    0.05136704  -0.99845675    0.36458862]
  [  0.                    0.                    0.                    1.                ]] 
