 [[  0.1438748    -0.98824165  -0.05175411    0.853022    ]
  [-0.98938472  -0.14472762    0.0131068      0.04716105]
  [-0.02044294    0.04931899  -0.99857384    0.35837504]
  [  0.                    0.                    0.                    1.                ]] 
 [[  0.14436476  -0.9880404    -0.05417545    0.90416985]
  [-0.98929109  -0.14530341    0.01378597    0.04911932]
  [-0.02149298    0.05160508  -0.99843626    0.36443711]
  [  0.                    0.                    0.                    1.                ]] 
 [[  0.14449626  -0.9880088    -0.05440078    0.94243882]
  [-0.98927208  -0.14543741    0.01373739    0.0514371  ]
  [-0.02148457    0.05183217  -0.99842468    0.36982176]
  [  0.                    0.                    0.                    1.                ]] 
 [[  0.14450588  -0.98802265  -0.05412297    0.94632566]
  [-0.98926959  -0.14544574    0.01382798    0.00921459]
  [-0.02153431    0.05154399  -0.99843853    0.36847769]
  [  0.                    0.                    0.                    1.                ]] 
 [[  0.14446669  -0.98802691  -0.05414983    0.94842376]
  [-0.98927754  -0.14540164    0.01372264  -0.02244034]
  [-0.02143181    0.05158675  -0.99843852    0.36736072]
  [  0.                    0.                    0.                    1.                ]] 
 [[  0.14440704  -0.98805257  -0.05383972    0.90265932]
  [-0.98928738  -0.14533505    0.01371867  -0.02711186]
  [-0.02137957    0.05128189  -0.99845535    0.36084104]
  [  0.                    0.                    0.                    1.                ]] 
 [[  0.3642362    -0.93036051  -0.04196806    0.88925853]
  [-0.93123284  -0.36327019  -0.02898567  -0.01015456]
  [  0.01172138    0.04963967  -0.99869841    0.35951377]
  [  0.                    0.                    0.                    1.                ]] 
 [[  0.36547866  -0.92988133  -0.04178585    0.87636015]
  [-0.93074217  -0.36450034  -0.02930025    0.0323878  ]
  [  0.01201479    0.04960047  -0.99869687    0.35973321]
  [  0.                    0.                    0.                    1.                ]] 
 [[  0.14628232  -0.98775889  -0.05416515    0.90550345]
  [-0.98901009  -0.14721631    0.01365316    0.04977193]
  [-0.02146002    0.05157266  -0.99843865    0.36449612]
  [  0.                    0.                    0.                    1.                ]] 
 [[  0.14457212  -0.98802592  -0.05388584    0.85543343]
  [-0.98925841  -0.14551214    0.01392901    0.04628437]
  [-0.02160327    0.05129327  -0.99844995    0.35766961]
  [  0.                    0.                    0.                    1.                ]] 
 [[  0.14446126  -0.98802888  -0.05412835    0.90495319]
  [-0.98927511  -0.14540365    0.01387587    0.04922305]
  [-0.02158022    0.0515433    -0.99843757    0.3645758  ]
  [  0.                    0.                    0.                    1.                ]] 
 [[  0.14436278  -0.98802367  -0.05448502    0.94249542]
  [-0.9892893    -0.14531076    0.01383717    0.05138335]
  [-0.02158871    0.05190387  -0.99841871    0.36985121]
  [  0.                    0.                    0.                    1.                ]] 
 [[  0.1445153    -0.9880212    -0.05412433    0.94622993]
  [-0.98927353  -0.14544236    0.01357946    0.01098171]
  [-0.02128877    0.05158133  -0.99844186    0.36854257]
  [  0.                    0.                    0.                    1.                ]] 
 [[  0.14449143  -0.98803681  -0.05390262    0.94845232]
  [-0.98927507  -0.14542016    0.01370441  -0.02182556]
  [-0.02137899    0.05134435  -0.99845215    0.36749499]
  [  0.                    0.                    0.                    1.                ]] 
 [[  0.14440156  -0.98804576  -0.05397924    0.9023353  ]
  [-0.98928388  -0.1453418      0.01389813  -0.02704911]
  [-0.02157742    0.05139388  -0.99844533    0.36073231]
  [  0.                    0.                    0.                    1.                ]] 
 [[  0.3644373    -0.93028729  -0.0418451      0.88922349]
  [-0.93115239  -0.36346731  -0.02909882  -0.01007353]
  [  0.01186094    0.04956886  -0.99870028    0.35961282]
  [  0.                    0.                    0.                    1.                ]] 
 [[  0.36556203  -0.92985872  -0.04155912    0.87599642]
  [-0.93070651  -0.3645788    -0.02945664    0.03356226]
  [  0.01223894    0.04944757  -0.99870173    0.35982237]
  [  0.                    0.                    0.                    1.                ]] 
 [[  0.36576091  -0.9297738    -0.04170882    0.86094949]
  [-0.93062898  -0.36477502  -0.02947695    0.08343791]
  [  0.01219256    0.04959695  -0.99869489    0.35998318]
  [  0.                    0.                    0.                    1.                ]] 
 [[  0.14944054  -0.98729734  -0.05395829    0.90504813]
  [-0.98854796  -0.15034253    0.01304048    0.05017053]
  [-0.02098706    0.05139158  -0.99845804    0.36453542]
  [  0.                    0.                    0.                    1.                ]] 
 [[  0.14464567  -0.98801389  -0.05390904    0.85533863]
  [-0.98924913  -0.14558241    0.01385371    0.04627228]
  [-0.02153587    0.05132559  -0.99844974    0.35770594]
  [  0.                    0.                    0.                    1.                ]] 
