 [[  0.14394348  -0.9882266    -0.05185035    0.85300144]
  [-0.98937425  -0.14479864    0.0131126      0.04720591]
  [-0.02046608    0.04941192  -0.99856878    0.3583263  ]
  [  0.                    0.                    0.                    1.                ]] 
 [[  0.14434045  -0.9880479    -0.05410348    0.90416892]
  [-0.98929539  -0.14527634    0.01376322    0.04907536]
  [-0.02145867    0.05153773  -0.99844048    0.36448265]
  [  0.                    0.                    0.                    1.                ]] 
 [[  0.14448856  -0.9880114    -0.05437399    0.94243333]
  [-0.98927461  -0.14542596    0.01367638    0.05142533]
  [-0.02141981    0.05181473  -0.99842698    0.36983119]
  [  0.                    0.                    0.                    1.                ]] 
 [[  0.14452074  -0.98801938  -0.05414297    0.94631218]
  [-0.98926858  -0.14545808    0.01377052    0.00921658]
  [-0.02148107    0.05157182  -0.99843824    0.36847951]
  [  0.                    0.                    0.                    1.                ]] 
 [[  0.14451331  -0.98801934  -0.05416354    0.94842036]
  [-0.98927079  -0.14544825    0.01371565  -0.02243628]
  [-0.02142932    0.05160032  -0.99843788    0.36734566]
  [  0.                    0.                    0.                    1.                ]] 
 [[  0.1444299    -0.98804343  -0.05394616    0.90263796]
  [-0.98928299  -0.14536188    0.01375092  -0.02709292]
  [-0.02142822    0.05138198  -0.99844916    0.36078269]
  [  0.                    0.                    0.                    1.                ]] 
 [[  0.36421438  -0.93037357  -0.04186764    0.88929198]
  [-0.93124074  -0.36324886  -0.0289993    -0.01019103]
  [  0.01177181    0.04955081  -0.99870223    0.35955329]
  [  0.                    0.                    0.                    1.                ]] 
 [[  0.36544689  -0.92989469  -0.04176648    0.87635487]
  [-0.93075466  -0.36446931  -0.0292897      0.03236946]
  [  0.01201373    0.04957818  -0.99869799    0.35975337]
  [  0.                    0.                    0.                    1.                ]] 
 [[  0.14467249  -0.98801202  -0.05387136    0.85936068]
  [-0.98924879  -0.14560009    0.01369104    0.04638469]
  [-0.02137059    0.05131146  -0.99845402    0.35841957]
  [  0.                    0.                    0.                    1.                ]] 
 [[  0.14453558  -0.98802805  -0.05394477    0.85540096]
  [-0.98926331  -0.14547753    0.01394258    0.04627704]
  [-0.02162341    0.05135039  -0.99844658    0.35766605]
  [  0.                    0.                    0.                    1.                ]] 
 [[  0.1444847    -0.9880254    -0.05412932    0.90492662]
  [-0.98927179  -0.14542682    0.01386948    0.04921818]
  [-0.02157525    0.05154468  -0.99843761    0.36458567]
  [  0.                    0.                    0.                    1.                ]] 
 [[  0.14435545  -0.98802734  -0.05443788    0.94249025]
  [-0.98929009  -0.14530345    0.01385733    0.05138811]
  [-0.02160143    0.05185447  -0.998421        0.36989294]
  [  0.                    0.                    0.                    1.                ]] 
 [[  0.1445139    -0.98801812  -0.05418427    0.94623131]
  [-0.98927337  -0.14544266    0.01358763    0.01097106]
  [-0.02130553    0.05163945  -0.9984385      0.36850599]
  [  0.                    0.                    0.                    1.                ]] 
 [[  0.14446658  -0.98803725  -0.05396106    0.94843986]
  [-0.98927826  -0.14539722    0.01371773  -0.02184573]
  [-0.02139942    0.05140075  -0.99844881    0.36747829]
  [  0.                    0.                    0.                    1.                ]] 
 [[  0.14442333  -0.98804521  -0.0539312      0.90233932]
  [-0.9892816    -0.14536074    0.01386284  -0.02703289]
  [-0.02153659    0.05135102  -0.99844842    0.36077746]
  [  0.                    0.                    0.                    1.                ]] 
 [[  0.36445833  -0.93028215  -0.0417761      0.8892457  ]
  [-0.93114358  -0.36348805  -0.02912151  -0.01008686]
  [  0.01190611    0.04951313  -0.99870251    0.3596347  ]
  [  0.                    0.                    0.                    1.                ]] 
 [[  0.36553856  -0.9298649    -0.04162717    0.87598855]
  [-0.93071604  -0.36455447  -0.02945661    0.0335306  ]
  [  0.01221529    0.0495106    -0.9986989      0.35978978]
  [  0.                    0.                    0.                    1.                ]] 
 [[  0.36578439  -0.92975925  -0.04182735    0.86092297]
  [-0.93062044  -0.36479748  -0.02946869    0.08344246]
  [  0.01214028    0.04970458  -0.99869018    0.35992409]
  [  0.                    0.                    0.                    1.                ]] 
 [[  0.14945147  -0.987295      -0.05397067    0.90503817]
  [-0.98854631  -0.15035361    0.01303794    0.0501623  ]
  [-0.02098698    0.05140397  -0.9984574      0.36452968]
  [  0.                    0.                    0.                    1.                ]] 
 [[  0.14472344  -0.98800185  -0.05392098    0.85529796]
  [-0.98923848  -0.14565849    0.01381403    0.04633236]
  [-0.02150234    0.05134149  -0.99844965    0.35772778]
  [  0.                    0.                    0.                    1.                ]] 
